       Frequencies ---    34.1753   35.0918   35.8170   37.8019   37.9972
       Frequencies ---    59.6190   85.4695   86.2840   95.6436  115.9386
       Frequencies ---   118.1696  129.2715  142.6464  167.1878  167.8432
       Frequencies ---   181.6271  203.1712  203.3426  230.9405  232.1555
       Frequencies ---   254.7541  273.2037  274.7515  283.7929  360.4618
       Frequencies ---   369.5233  369.8748  371.4131  377.5024  378.2258
       Frequencies ---   433.6968  434.4815  442.1488  443.2139  444.2937
       Frequencies ---   462.4811  465.1263  480.5088  480.9135  495.9119
       Frequencies ---   496.7970  499.7873  565.4526  565.9305  569.7570
       Frequencies ---   647.3446  647.5677  648.2598  663.6944  663.9370
       Frequencies ---   665.3626  667.4957  669.4457  669.5902  757.1166
       Frequencies ---   760.7925  760.8593  767.9998  768.3374  771.9090
       Frequencies ---   787.9732  788.3894  788.5225  789.5579  791.3837
       Frequencies ---   791.5756  834.2654  834.2795  835.5192  914.1793
       Frequencies ---   914.2804  916.2071  921.7533  921.9538  924.6478
       Frequencies ---   994.7297  995.0039  995.8642  996.0486  997.8403
       Frequencies ---   998.5795 1034.4313 1034.5393 1034.7253 1038.2072
       Frequencies ---  1038.3606 1038.5059 1047.1473 1047.1889 1049.2852
       Frequencies ---  1052.3752 1052.6088 1056.7461 1066.4550 1070.9820
       Frequencies ---  1071.1177 1104.7777 1105.5379 1106.3566 1110.7044
       Frequencies ---  1111.4751 1112.3661 1150.9859 1151.1051 1151.1109
       Frequencies ---  1163.8375 1164.0469 1165.3187 1198.9900 1199.1183
       Frequencies ---  1199.4354 1211.9252 1212.2387 1212.5654 1317.0610
       Frequencies ---  1318.8647 1323.6587 1330.9766 1332.8488 1335.7589
       Frequencies ---  1354.8446 1355.0872 1355.5918 1364.1302 1364.5926
       Frequencies ---  1364.9608 1375.0455 1376.5331 1376.9172 1481.4356
       Frequencies ---  1484.0527 1484.0999 1499.9598 1500.2450 1500.8507
       Frequencies ---  1522.5530 1528.4427 1528.4851 1554.8997 1556.6653
       Frequencies ---  1557.1109 1647.7226 1647.9251 1648.4213 1657.5060
       Frequencies ---  1657.8206 1658.8412 1680.4931 1680.8559 1681.0825
       Frequencies ---  1687.0972 1689.3930 1689.5602 3247.0807 3247.1091
       Frequencies ---  3247.2057 3248.5477 3248.6006 3248.6241 3257.5570
       Frequencies ---  3257.6373 3258.0705 3259.6235 3259.9612 3260.2977
       Frequencies ---  3263.2080 3263.3009 3263.7738 3270.3548 3270.5114
       Frequencies ---  3271.0312 3272.0681 3272.3362 3273.2090 3273.3095
       Frequencies ---  3274.1049 3274.5229
       Frequencies ---    34.1466   35.1106   35.8400   37.7948   38.0038
       Frequencies ---    59.5914   85.4576   86.2900   95.6508  115.9379
       Frequencies ---   118.1546  129.2731  142.6452  167.1872  167.8414
       Frequencies ---   181.6366  203.1646  203.3416  230.9922  232.1608
       Frequencies ---   254.7488  273.2023  274.7562  283.7938  360.5129
       Frequencies ---   369.5441  369.8798  371.4073  377.4674  378.2015
       Frequencies ---   433.7486  434.5074  442.1255  443.2190  444.2984
       Frequencies ---   462.4728  465.1313  480.5102  480.9155  495.9122
       Frequencies ---   496.7918  499.7907  565.4625  565.8000  569.7470
       Frequencies ---   647.2771  647.5577  648.2647  663.6960  663.9349
       Frequencies ---   665.3621  667.4915  669.4467  669.5845  756.9009
       Frequencies ---   760.6658  760.8771  767.9747  768.4217  771.9196
       Frequencies ---   787.9723  788.4314  788.5580  789.6404  791.3548
       Frequencies ---   791.5604  834.2314  834.2983  835.5228  914.1734
       Frequencies ---   914.2716  916.2094  921.7552  921.9520  924.6307
       Frequencies ---   994.7225  995.0129  995.8972  996.0945  997.8358
       Frequencies ---   998.6242 1034.4310 1034.5405 1034.7229 1038.2040
       Frequencies ---  1038.3570 1038.5093 1047.0716 1047.1776 1049.3613
       Frequencies ---  1052.3700 1052.7658 1056.7593 1066.4822 1070.9910
       Frequencies ---  1071.2440 1104.7719 1105.5345 1106.3559 1110.7103
       Frequencies ---  1111.4765 1112.3707 1150.9907 1151.0580 1151.1097
       Frequencies ---  1163.8640 1164.0555 1165.3237 1199.0062 1199.1056
       Frequencies ---  1199.4357 1211.9028 1212.1763 1212.5719 1317.0615
       Frequencies ---  1319.0470 1323.6530 1330.9670 1332.8552 1335.7442
       Frequencies ---  1354.9065 1355.1721 1355.5921 1364.1307 1364.5934
       Frequencies ---  1364.9758 1375.0550 1376.4922 1377.0406 1481.4385
       Frequencies ---  1484.0523 1484.1015 1499.9869 1500.2485 1500.8543
       Frequencies ---  1522.5590 1528.4539 1528.4797 1554.8976 1556.6593
       Frequencies ---  1557.0827 1647.7292 1647.9194 1648.4266 1657.5009
       Frequencies ---  1657.8300 1658.8369 1680.4928 1680.8483 1681.0919
       Frequencies ---  1687.0979 1689.3856 1689.5505 3247.0619 3247.1184
       Frequencies ---  3247.1978 3248.5471 3248.6029 3248.6240 3257.5583
       Frequencies ---  3257.6413 3258.0662 3259.6138 3259.9332 3260.2737
       Frequencies ---  3263.2105 3263.3052 3263.6879 3270.3313 3270.5107
       Frequencies ---  3271.0239 3272.0757 3272.3449 3273.2092 3273.3191
       Frequencies ---  3274.0873 3274.4758
